10
10
-16777216
-16777216
-16777216
-16777216
-16777216
-7864299
-7864299
-7864299
-7864299
-7864299
-16777216
-16777216
-16777216
-16777216
-16777216
-7864299
-7864299
-7864299
-7864299
-7864299
-16777216
-16777216
-16777216
-16777216
-16777216
-7864299
-7864299
-7864299
-7864299
-7864299
-16777216
-16777216
-16777216
-16777216
-16777216
-7864299
-7864299
-7864299
-7864299
-7864299
-16777216
-16777216
-16777216
-16777216
-16777216
-7864299
-7864299
-7864299
-7864299
-7864299
-1
-1
-1
-1
-1
-12629812
-12629812
-12629812
-12629812
-12629812
-1
-1
-1
-1
-1
-12629812
-12629812
-12629812
-12629812
-12629812
-1
-1
-1
-1
-1
-12629812
-12629812
-12629812
-12629812
-12629812
-1
-1
-1
-1
-1
-12629812
-12629812
-12629812
-12629812
-12629812
-1
-1
-1
-1
-1
-12629812
-12629812
-12629812
-12629812
-12629812
